			a	b	c	d										
			1,571	0,986	2,002	2,985										
			-0,3574359	0,3626865	0,3735121	0,25332										
			t	y	y_pred											
0,425950532	1,310940939	-1,605793084	0,314159265	-0,198750516	-0,178597138	0,000001										
0,810206057	1,115152969	-1,436762233	0,628318531	0,301021623	0,322794369	0,010001										
1,115152969	0,810206057	-1,267731382	0,942477796	0,503167264	0,527449131	0,020001										
1,310940939	0,425950532	-1,098700531	1,256637061	0,437536735	0,465710379	0,030001										
1,378404875	1,39E-16	-0,92966968	1,570796327	0,160192161	0,193997798	0,040001										
1,310940939	-0,425950532	-0,760638829	1,884955592	-0,252080285	-0,210715224	0,050001										
1,115152969	-0,810206057	-0,591607978	2,199114858	-0,709286754	-0,658436292	0,060001										
0,810206057	-1,115152969	-0,422577127	2,513274123	-1,117034936	-1,054963081	0,070001										
0,425950532	-1,310940939	-0,253546276	2,827433388	-1,385773848	-1,311104522	0,080001										
1,77E-16	-1,378404875	-0,084515425	3,141592654	-1,4395597	-1,35141144	0,090001										
-0,425950532	-1,310940939	0,084515425	3,455751919	-1,223489806	-1,121562046	0,100001										
-0,810206057	-1,115152969	0,253546276	3,769911184	-0,70907684	-0,593679334	0,110001										
-1,115152969	-0,810206057	0,422577127	4,08407045	0,102962625	0,230940123	0,120001										
-1,310940939	-0,425950532	0,591607978	4,398229715	1,18277826	1,321953093	0,130001										
-1,378404875	-1,99E-16	0,760638829	4,71238898	2,474307939	2,622939892	0,140001										
-1,310940939	0,425950532	0,92966968	5,026548246	3,900765492	4,056927133	0,150001										
-1,115152969	0,810206057	1,098700531	5,340707511	5,372157066	5,533922419	0,160001										
-0,810206057	1,115152969	1,267731382	5,654866776	6,794090354	6,959723428	0,170001										
-0,425950532	1,310940939	1,436762233	5,969026042	8,077014372	8,245139087	0,180001										
-3,29E-16	1,378404875	1,605793084	6,283185307	9,144985329	9,314720223	0,190001										
																
																
																
																
																
																
									0,706729923							
									0,673853991							
									0,964302469							
									0,898457389							
						1,5707864			0,614374788							
						0,9857151			0,336237633							
						2,0022276			0,491039779							
						2,9854734			0,376873218							
									0,499322199							
									0,14987059							
									0,396562484							
									0,796376273							
